date,number,hcalender
2007,2454325,1428
2008,2408849,1429
2009,2313278,1430
2010,2789399,1431
2011,2927717,1432
2012,3161573,1433
2013,1980249,1434
2014,2085238,1435
2015,1952817,1436
2016,1862909,1437